May 24, 2025   14:50:01
Amperometric i-t Curve
File: c:\python\win\device_jules\experiment_results\it_1748069391.bin
Data Source:  Experiment
Instrument Model:  CHI760E
Header: CHI760E i-t
Note: 

Init E (V) = -1.2
Sample Interval (s) = 0.1
Run Time (sec) = 5
Quiet Time (sec) = 2
Sensitivity (A/V) = 0.1


Time/sec, Current/A

1.000e-1, -5.746e-5
2.000e-1, -5.623e-5
3.000e-1, -5.699e-5
4.000e-1, -5.718e-5
5.000e-1, -5.727e-5
6.000e-1, -5.680e-5
7.000e-1, -5.774e-5
8.000e-1, -5.803e-5
9.000e-1, -5.793e-5
1.000e+0, -5.774e-5
1.100e+0, -5.718e-5
1.200e+0, -5.831e-5
1.300e+0, -5.906e-5
1.400e+0, -5.897e-5
1.500e+0, -5.916e-5
1.600e+0, -5.906e-5
1.700e+0, -5.982e-5
1.800e+0, -6.010e-5
1.900e+0, -6.001e-5
2.000e+0, -5.859e-5
2.100e+0, -5.944e-5
2.200e+0, -6.010e-5
2.300e+0, -5.925e-5
2.400e+0, -5.991e-5
2.500e+0, -6.010e-5
2.600e+0, -5.963e-5
2.700e+0, -6.123e-5
2.800e+0, -6.019e-5
2.900e+0, -6.048e-5
3.000e+0, -5.935e-5
3.100e+0, -6.029e-5
3.200e+0, -6.010e-5
3.300e+0, -6.067e-5
3.400e+0, -6.123e-5
3.500e+0, -6.029e-5
3.600e+0, -6.010e-5
3.700e+0, -6.104e-5
3.800e+0, -6.057e-5
3.900e+0, -6.114e-5
4.000e+0, -6.085e-5
4.100e+0, -6.170e-5
4.200e+0, -6.189e-5
4.300e+0, -6.180e-5
4.400e+0, -6.123e-5
4.500e+0, -6.095e-5
4.600e+0, -6.057e-5
4.700e+0, -6.067e-5
4.800e+0, -6.104e-5
4.900e+0, -6.095e-5
5.000e+0, -6.170e-5
